939658 953 986
841995 891 945
829696 896 926
815958 858 951
809919 891 909
809964 894 906
794088 807 984
792585 855 927
789525 825 957
789250 875 902
769792 776 992
738468 843 876
736695 765 963
729688 788 926
679500 750 906
673920 720 936
638950 650 983
629680 680 926
568750 650 875
567648 657 864
559188 588 951
538650 630 855
536539 563 953
529672 572 926
516879 681 759
498550 590 845
489955 545 899
489159 549 891
486720 624 780
475380 570 834
458640 546 840
457600 650 704
456840 540 846
447916 476 941
429664 464 926
428980 482 890
416988 468 891
416650 641 650
414895 491 845
404968 446 908
392566 593 662
386415 465 831
384912 432 891
378400 473 800
378418 431 878
378450 435 870
371893 383 971
369189 381 969
368550 585 630
365638 533 686
362992 392 926
361989 369 981
346968 366 948
341653 533 641
338296 392 863
336960 360 936
336550 530 635
329656 356 926
329346 342 963
326452 524 623
319536 336 951
319059 351 909
315594 534 591
315900 351 900
312975 321 975
312475 431 725
304717 431 707
296320 320 926
286416 468 612
284598 489 582
284760 420 678
262984 284 926
263074 437 602
260338 323 806
254740 470 542
253750 350 725
251896 296 851
245182 422 581
241564 461 524
233896 338 692
229648 248 926
226498 269 842
226872 276 822
218488 248 881
217638 321 678
216733 323 671
215860 251 860
213466 341 626
211896 216 981
205785 255 807
201852 252 801
197725 275 719
193945 395 491
193257 327 591
192150 210 915
190260 210 906
186624 216 864
182650 281 650
182250 225 810
180225 225 801
180297 201 897
175329 231 759
174370 371 470
173250 231 750
172822 221 782
163944 396 414
162976 176 926
156915 165 951
156289 269 581
156240 240 651
153436 356 431
152685 261 585
152608 251 608
150300 300 501
146952 156 942
146137 317 461
145314 351 414
140350 350 401
136948 146 938
136525 215 635
135828 231 588
135837 351 387
134725 317 425
133245 315 423
132430 323 410
131242 311 422
129775 179 725
129640 140 926
126846 261 486
126027 201 627
125248 152 824
125433 231 543
125460 204 615 246 510
125500 251 500
124483 281 443
123354 231 534
120600 201 600
118440 141 840
116725 161 725
117067 167 701
115672 152 761
110758 158 701
108135 135 801
105750 150 705
105210 210 501
105264 204 516
104260 260 401
102510 201 510
