197725 275 719
193945 395 491
193257 327 591
192150 210 915
190260 210 906
186624 216 864
182650 281 650
182250 225 810
180297 201 897
180225 225 801
175329 231 759
174370 371 470
173250 231 750
172822 221 782
163944 396 414
162976 176 926
156915 165 951
156289 269 581
156240 240 651
153436 356 431
152685 261 585
152608 251 608
150300 300 501
146952 156 942
146137 317 461
145314 351 414
140350 350 401
136948 146 938
136525 215 635
135828 231 588
135837 351 387
134725 317 425
133245 315 423
132430 323 410
131242 311 422
129775 179 725
129640 140 926
126846 261 486
126027 201 627
125460 204 615 246 510
125500 251 500
125433 231 543
125248 152 824
124483 281 443
123354 231 534
120600 201 600
118440 141 840
117067 167 701
116725 161 725
115672 152 761
110758 158 701
108135 135 801
105750 150 705
105264 204 516
105210 210 501
104260 260 401
102510 201 510
