129640 140 926
152608 251 608
241564 461 524
126027 201 627
133245 315 423
304717 431 707
319536 336 951
118440 141 840
173250 231 750
104260 260 401
115672 152 761
120600 201 600
329656 356 926
192150 210 915
126846 261 486
156240 240 651
150300 300 501
110758 158 701
190260 210 906
129775 179 725
254740 470 542
319059 351 909
245182 422 581
123354 231 534
156915 165 951
124483 281 443
153436 356 431
102510 201 510
174370 371 470
260338 323 806
193945 395 491
175329 231 759
338296 392 863
134725 317 425
211896 216 981
116725 161 725
117067 167 701
217638 321 678
156289 269 581
215860 251 860
312475 431 725
162976 176 926
216733 323 671
145314 351 414
105750 150 705
105210 210 501
105264 204 516
336550 530 635
284598 489 582
284760 420 678
182250 225 810
218488 248 881
135828 231 588
135837 351 387
205785 255 807
213466 341 626
108135 135 801
229648 248 926
329346 342 963
163944 396 414
197725 275 719
131242 311 422
136948 146 938
312975 321 975
296320 320 926
326452 524 623
341653 533 641
262984 284 926
263074 437 602
193257 327 591
182650 281 650
146952 156 942
140350 350 401
172822 221 782
180225 225 801
180297 201 897
233896 338 692
336960 360 936
201852 252 801
136525 215 635
132430 323 410
253750 350 725
125248 152 824
125433 231 543
125460 204 615 246 510
125500 251 500
146137 317 461
251896 296 851
286416 468 612
152685 261 585
186624 216 864
226498 269 842
226872 276 822
315594 534 591
315900 351 900
346968 366 948
361989 369 981
362992 392 926
365638 533 686
368550 585 630
369189 381 969
371893 383 971
378400 473 800
378418 431 878
378450 435 870
386415 465 831
384912 432 891
392566 593 662
404968 446 908
414895 491 845
416650 641 650
416988 468 891
428980 482 890
429664 464 926
447916 476 941
456840 540 846
458640 546 840
457600 650 704
475380 570 834
486720 624 780
489159 549 891
489955 545 899
498550 590 845
516879 681 759
529672 572 926
536539 563 953
538650 630 855
559188 588 951
567648 657 864
568750 650 875
629680 680 926
638950 650 983
673920 720 936
679500 750 906
729688 788 926
736695 765 963
738468 843 876
769792 776 992
789250 875 902
789525 825 957
792585 855 927
794088 807 984
809919 891 909
809964 894 906
815958 858 951
829696 896 926
841995 891 945
939658 953 986
